Year	iYear	iGDP	iL	iK	iQ	iX	iU	Country
1980	0	1.0000	1.0000	1.0000	1.0000	1.0000	1.0000	US
1981	1	1.0254	1.0021	1.0322	0.9769	0.9766	0.9619	US
1982	2	1.0055	0.9872	1.0551	0.9397	0.9388	0.9157	US
1983	3	1.0509	1.0049	1.0829	0.9343	0.9335	0.9123	US
1984	4	1.1264	1.0556	1.1253	0.9805	0.9799	0.9666	US
1985	5	1.1730	1.0797	1.1718	0.9796	0.9789	0.9789	US
1986	6	1.2137	1.0924	1.2172	0.9823	0.9816	0.9720	US
1987	7	1.2525	1.1220	1.2608	1.0134	1.0128	1.0053	US
1988	8	1.3040	1.1555	1.3054	1.0589	1.0584	1.0733	US
1989	9	1.3506	1.1874	1.3511	1.0913	1.0897	1.1328	US
1990	10	1.3759	1.1894	1.3927	1.0971	1.0949	1.1517	US
1991	11	1.3727	1.1726	1.4246	1.0974	1.0947	1.1395	US
1992	12	1.4193	1.1736	1.4612	1.1124	1.1099	1.1874	US
1993	13	1.4598	1.2010	1.5048	1.1335	1.1309	1.1992	US
1994	14	1.5192	1.2386	1.5570	1.1554	1.1526	1.2381	US
1995	15	1.5574	1.2691	1.6155	1.1808	1.1772	1.2913	US
1996	16	1.6157	1.2850	1.6848	1.2190	1.2155	1.3326	US
1997	17	1.6877	1.3226	1.7662	1.2291	1.2260	1.3511	US
1998	18	1.7612	1.3511	1.8634	1.2373	1.2342	1.3656	US
1999	19	1.8462	1.3775	1.9745	1.2573	1.2538	1.4078	US
2000	20	1.9226	1.3959	2.0955	1.2855	1.2822	1.3971	US
2001	21	1.9434	1.3788	2.2033	1.2556	1.2523	NA	US
2002	22	1.9786	1.3609	2.2927	1.2789	1.2750	NA	US
2003	23	2.0289	1.3538	2.3844	1.2825	1.2787	NA	US
2004	24	2.0992	1.3690	2.4885	1.3044	1.3007	NA	US
2005	25	2.1637	1.3901	2.6029	1.3067	1.3029	NA	US
2006	26	2.2212	1.4155	2.7162	1.3010	1.2967	NA	US
2007	27	2.2637	1.4252	2.8158	1.3244	1.3200	NA	US
2008	28	2.2561	1.4100	2.8877	1.2967	1.2916	NA	US
2009	29	2.1774	1.3321	2.9041	1.2414	1.2351	NA	US
2010	30	2.2434	1.3321	2.9249	1.2878	1.2820	NA	US
2011	31	2.2823	1.3522	2.9597	1.2830	1.2754	NA	US
1980	0	1.0000	1.0000	1.0000	1.0000	1.0000	1.0000	UK
1981	1	0.9868	0.9541	1.0184	0.9606	0.9599	0.9560	UK
1982	2	1.0074	0.9334	1.0407	0.9489	0.9473	0.9159	UK
1983	3	1.0439	0.9234	1.0663	0.9530	0.9508	0.9706	UK
1984	4	1.0718	0.9466	1.0990	0.9372	0.9331	0.9833	UK
1985	5	1.1104	0.9598	1.1339	0.9823	0.9789	1.0182	UK
1986	6	1.1549	0.9630	1.1687	1.0052	1.0024	1.0542	UK
1987	7	1.2076	0.9848	1.2120	1.0171	1.0144	1.1319	UK
1988	8	1.2684	1.0214	1.2709	1.0196	1.0161	1.1101	UK
1989	9	1.2974	1.0503	1.3343	1.0443	1.0404	1.1201	UK
1990	10	1.3075	1.0475	1.3900	1.0485	1.0441	1.1524	UK
1991	11	1.2893	1.0051	1.4296	1.0721	1.0674	1.1319	UK
1992	12	1.2911	0.9774	1.4653	1.0472	1.0410	1.1595	UK
1993	13	1.3198	0.9663	1.4981	1.0593	1.0510	1.1571	UK
1994	14	1.3763	0.9798	1.5348	1.0655	1.0564	1.2902	UK
1995	15	1.4183	0.9931	1.5732	1.0622	1.0520	1.2568	UK
1996	16	1.4593	1.0021	1.6167	1.1284	1.1169	1.3357	UK
1997	17	1.5092	1.0190	1.6683	1.0962	1.0840	1.2560	UK
1998	18	1.5672	1.0273	1.7385	1.1006	1.0874	1.2788	UK
1999	19	1.6244	1.0365	1.8091	1.1027	1.0888	1.2320	UK
2000	20	1.6969	1.0389	1.8797	1.0959	1.0818	1.2648	UK
2001	21	1.7503	1.0489	1.9506	1.1179	1.1037	NA	UK
2002	22	1.7968	1.0460	2.0239	1.1057	1.0910	NA	UK
2003	23	1.8602	1.0499	2.0944	1.1129	1.0989	NA	UK
2004	24	1.9151	1.0593	2.1707	1.1151	1.1014	NA	UK
2005	25	1.9551	1.0720	2.2471	1.1159	1.1022	NA	UK
2006	26	2.0061	1.0778	2.3327	1.1050	1.0921	NA	UK
2007	27	2.0756	1.0868	2.4320	1.0675	1.0548	NA	UK
2008	28	2.0527	1.0914	2.5117	1.0536	1.0406	NA	UK
2009	29	1.9629	1.0597	2.5523	1.0030	0.9883	NA	UK
2010	30	2.0040	1.0649	2.5969	1.0229	1.0085	NA	UK
2011	31	2.0171	1.0634	2.6358	0.9824	0.9676	NA	UK
1980	0	1.0000	1.0000	1.0000	1.0000	1.0000	1.0000	JP
1981	1	1.0293	1.0030	1.0536	0.9997	0.9995	0.9622	JP
1982	2	1.0578	1.0087	1.1034	0.9728	0.9712	0.9177	JP
1983	3	1.0748	1.0222	1.1481	0.9558	0.9526	0.9117	JP
1984	4	1.1084	1.0319	1.1949	1.0421	1.0397	0.9897	JP
1985	5	1.1647	1.0290	1.2489	1.0470	1.0430	0.9982	JP
1986	6	1.1992	1.0332	1.3068	1.0502	1.0455	0.9930	JP
1987	7	1.2447	1.0400	1.3722	1.0823	1.0771	1.0203	JP
1988	8	1.3289	1.0531	1.4539	1.1437	1.1397	1.0787	JP
1989	9	1.3992	1.0554	1.5462	1.1830	1.1792	1.1060	JP
1990	10	1.4719	1.0587	1.6473	1.2508	1.2474	1.1618	JP
1991	11	1.5209	1.0559	1.7466	1.2876	1.2835	1.1885	JP
1992	12	1.5333	1.0451	1.8342	1.2915	1.2875	1.1622	JP
1993	13	1.5360	1.0200	1.9101	1.3093	1.3039	1.1741	JP
1994	14	1.5492	1.0163	1.9775	1.3490	1.3446	1.2051	JP
1995	15	1.5791	1.0208	2.0417	1.3910	1.3856	1.2433	JP
1996	16	1.6211	1.0223	2.1111	1.4147	1.4091	1.2510	JP
1997	17	1.6472	1.0137	2.1754	1.4510	1.4449	1.2961	JP
1998	18	1.6125	0.9899	2.2197	1.4276	1.4205	1.2613	JP
1999	19	1.6112	0.9670	2.2603	1.4582	1.4529	1.2798	JP
2000	20	1.6472	0.9684	2.2994	1.4607	1.4554	1.2820	JP
2001	21	1.6530	0.9513	2.3313	1.4508	1.4455	NA	JP
2002	22	1.6577	0.9336	2.3517	1.4485	1.4443	NA	JP
2003	23	1.6862	0.9356	2.3713	1.4486	1.4464	NA	JP
2004	24	1.7256	0.9447	2.3900	1.4807	1.4778	NA	JP
2005	25	1.7478	0.9459	2.4089	1.4868	1.4832	NA	JP
2006	26	1.7772	0.9547	2.4294	1.5019	1.4976	NA	JP
2007	27	1.8157	0.9541	2.4489	1.4837	1.4806	NA	JP
2008	28	1.7962	0.9401	2.4587	1.4363	1.4325	NA	JP
2009	29	1.6969	0.9005	2.4489	1.3670	1.3606	NA	JP
2010	30	1.7726	0.9068	2.4397	1.4320	1.4264	NA	JP
2011	31	1.7598	0.8790	2.4320	1.3794	1.3765	NA	JP
1991	0	1.0000	1.0000	1.0000	1.0000	1.0000	NA	CN
1992	1	1.1420	1.0258	1.0985	1.0356	1.0363	NA	CN
1993	2	1.3019	1.0377	1.2404	1.0913	1.0912	NA	CN
1994	3	1.4724	1.0501	1.4015	1.1709	1.1752	NA	CN
1995	4	1.6329	1.0615	1.5763	1.2034	1.2048	NA	CN
1996	5	1.7962	1.0727	1.7664	1.2613	1.2662	NA	CN
1997	6	1.9633	1.0838	1.9675	1.3650	1.3779	NA	CN
1998	7	2.1164	1.0944	2.1906	1.4090	1.4227	NA	CN
1999	8	2.2772	1.1039	2.4224	1.3911	1.4019	NA	CN
2000	9	2.4685	1.1277	2.6767	1.4560	1.4682	NA	CN
2001	10	2.6734	1.1206	2.9517	1.5093	1.5245	NA	CN
2002	11	2.9167	1.1431	3.2685	1.6577	1.6827	NA	CN
2003	12	3.2084	1.1654	3.6489	1.8425	1.8787	NA	CN
2004	13	3.5324	1.1563	4.0735	2.0542	2.1052	NA	CN
2005	14	3.9316	1.1782	4.5471	2.3243	2.3936	NA	CN
2006	15	4.4309	1.2000	5.0820	2.5337	2.6149	NA	CN
2007	16	5.0601	1.2063	5.6910	2.7020	2.7938	NA	CN
2008	17	5.5458	1.2108	6.3512	2.8463	2.9463	NA	CN
2009	18	6.0561	1.2168	7.2033	3.2012	3.3267	NA	CN
2010	19	6.6845	1.2380	8.1442	3.4162	3.5519	NA	CN
2011	20	7.3013	1.2439	9.1896	3.6393	3.7902	NA	CN
1991	0	1.0000	1.0000	1.0000	1.0000	1.0000	NA	ZA
1992	1	0.9786	1.0211	1.0012	1.0229	1.0232	NA	ZA
1993	2	0.9907	1.0597	1.0019	1.0229	1.0228	NA	ZA
1994	3	1.0227	1.1704	1.0084	1.1108	1.1102	NA	ZA
1995	4	1.0546	1.2757	1.0227	1.1284	1.1269	NA	ZA
1996	5	1.1000	1.2423	1.0436	1.1432	1.1420	NA	ZA
1997	6	1.1291	1.2909	1.0683	1.2324	1.2320	NA	ZA
1998	7	1.1350	1.2885	1.0960	1.1768	1.1750	NA	ZA
1999	8	1.1617	1.3403	1.1139	1.2244	1.2233	NA	ZA
2000	9	1.2100	1.3387	1.1343	1.2569	1.2559	NA	ZA
2001	10	1.2431	1.3506	1.1560	1.2725	1.2719	NA	ZA
2002	11	1.2887	1.3694	1.1798	1.2460	1.2443	NA	ZA
2003	12	1.3267	1.4076	1.2126	1.3361	1.3356	NA	ZA
2004	13	1.3871	1.5013	1.2579	1.4173	1.4166	NA	ZA
2005	14	1.4603	1.5185	1.3144	1.4002	1.3992	NA	ZA
2006	15	1.5422	1.5982	1.3845	1.4396	1.4376	NA	ZA
2007	16	1.6268	1.6966	1.4726	1.4708	1.4682	NA	ZA
2008	17	1.6866	1.7563	1.5763	1.5389	1.5370	NA	ZA
2009	18	1.6613	1.7172	1.6803	1.5140	1.5122	NA	ZA
2010	19	1.7095	1.6557	1.7923	1.5140	1.5125	NA	ZA
2011	20	1.7625	1.6754	1.9066	1.5040	1.5035	NA	ZA
1991	0	1.0000	1.0000	1.0000	1.0000	1.0000	NA	SA
1992	1	1.0463	1.0492	1.0599	1.0553	1.0553	NA	SA
1993	2	1.0466	1.0792	1.1165	1.0985	1.0983	NA	SA
1994	3	1.0535	1.1059	1.1703	1.1318	1.1314	NA	SA
1995	4	1.0556	1.1257	1.2188	1.1169	1.1160	NA	SA
1996	5	1.0914	1.1208	1.2543	1.1948	1.1940	NA	SA
1997	6	1.1197	1.0884	1.2888	1.2648	1.2639	NA	SA
1998	7	1.1514	1.0968	1.3289	1.3121	1.3114	NA	SA
1999	8	1.1428	1.1337	1.3774	1.3294	1.3289	NA	SA
2000	9	1.1984	1.1607	1.4293	1.3994	1.3986	NA	SA
2001	10	1.2049	1.2172	1.4799	1.4787	1.4777	NA	SA
2002	11	1.2065	1.2836	1.5290	1.5499	1.5486	NA	SA
2003	12	1.2989	1.4080	1.6000	1.6416	1.6399	NA	SA
2004	13	1.3673	1.5176	1.6705	1.7623	1.7600	NA	SA
2005	14	1.4432	1.5717	1.7699	1.8459	1.8435	NA	SA
2006	15	1.4888	1.6458	1.8990	1.9010	1.8981	NA	SA
2007	16	1.5188	1.7179	2.0655	1.9832	1.9809	NA	SA
2008	17	1.5830	1.7884	2.2830	1.9464	1.9413	NA	SA
2009	18	1.5856	1.7941	2.4183	2.0521	2.0491	NA	SA
2010	19	1.6590	1.8635	2.5547	2.2451	2.2418	NA	SA
2011	20	1.7712	1.9472	2.6944	2.7158	2.7158	NA	SA
1991	0	1.0000	1.0000	1.0000	1.0000	1.0000	NA	IR
1992	1	1.0425	0.9923	1.0287	1.0351	1.0351	NA	IR
1993	2	1.0261	1.0258	1.0452	1.0666	1.0665	NA	IR
1994	3	1.0225	1.0326	1.0479	1.1370	1.1372	NA	IR
1995	4	1.0496	1.0677	1.0471	1.1797	1.1791	NA	IR
1996	5	1.1241	1.0762	1.0644	1.2218	1.2204	NA	IR
1997	6	1.1622	1.1451	1.0918	1.3652	1.3641	NA	IR
1998	7	1.1940	1.2058	1.1206	1.4157	1.4133	NA	IR
1999	8	1.2171	1.2475	1.1536	1.4931	1.4897	NA	IR
2000	9	1.2797	1.3428	1.1887	1.5534	1.5490	NA	IR
2001	10	1.3267	1.4047	1.2379	1.6601	1.6547	NA	IR
2002	11	1.4264	1.4662	1.2995	1.8141	1.8079	NA	IR
2003	12	1.5279	1.5670	1.3728	1.9104	1.9034	NA	IR
2004	13	1.6056	1.7123	1.4524	1.9854	1.9772	NA	IR
2005	14	1.6798	1.7569	1.5353	2.2660	2.2564	NA	IR
2006	15	1.7788	1.7594	1.6185	2.3692	2.3604	NA	IR
2007	16	1.9180	1.8045	1.7074	2.4265	2.4171	NA	IR
2008	17	1.9621	1.7369	1.8002	2.5111	2.5052	NA	IR
2009	18	1.9974	1.7804	1.8939	2.7750	2.7667	NA	IR
2010	19	2.0555	1.8470	1.9876	2.7955	2.7853	NA	IR
2011	20	2.0971	1.8676	2.0861	3.0885	3.0823	NA	IR
1991	0	1.0000	1.0000	1.0000	1.0000	1.0000	NA	TZ
1992	1	1.0059	1.0211	1.0783	1.0314	1.0341	NA	TZ
1993	2	1.0180	1.0556	1.1342	1.0577	1.0675	NA	TZ
1994	3	1.0340	1.1100	1.1878	1.0431	1.0413	NA	TZ
1995	4	1.0708	1.1436	1.2178	1.0444	1.0462	NA	TZ
1996	5	1.1196	1.1756	1.2428	1.0697	1.0691	NA	TZ
1997	6	1.1590	1.2065	1.2664	1.0568	1.0498	NA	TZ
1998	7	1.2020	1.2211	1.3040	1.1030	1.0965	NA	TZ
1999	8	1.2603	1.2516	1.3468	1.1299	1.1219	NA	TZ
2000	9	1.3224	1.2833	1.3944	1.1389	1.1247	NA	TZ
2001	10	1.4017	1.3164	1.4558	1.2149	1.2056	NA	TZ
2002	11	1.5021	1.3685	1.5255	1.2698	1.2600	NA	TZ
2003	12	1.6055	1.4230	1.6143	1.2966	1.2763	NA	TZ
2004	13	1.7312	1.4616	1.7172	1.3428	1.3236	NA	TZ
2005	14	1.8588	1.5020	1.8532	1.4097	1.3953	NA	TZ
2006	15	1.9841	1.5443	2.0209	1.4466	1.4255	NA	TZ
2007	16	2.1259	1.5885	2.2198	1.5587	1.5434	NA	TZ
2008	17	2.2840	1.6349	2.4314	1.6202	1.6059	NA	TZ
2009	18	2.4215	1.6836	2.6653	1.6779	1.6639	NA	TZ
2010	19	2.5907	1.7345	2.9149	1.6714	1.6459	NA	TZ
2011	20	2.7564	1.7878	3.1830	1.8554	1.8506	NA	TZ
1991	0	1.0000	1.0000	1.0000	1.0000	1.0000	NA	ZM
1992	1	0.9827	1.0254	0.9692	1.0366	1.0393	NA	ZM
1993	2	1.0494	1.0539	0.9566	0.9956	0.9944	NA	ZM
1994	3	0.9589	1.0974	0.9314	0.9691	0.9636	NA	ZM
1995	4	0.9318	1.1260	0.9180	0.9834	0.9779	NA	ZM
1996	5	0.9966	1.2100	0.9155	0.9592	0.9518	NA	ZM
1997	6	1.0294	1.2621	0.9291	1.0251	1.0170	NA	ZM
1998	7	1.0104	1.3351	0.9650	0.9970	0.9864	NA	ZM
1999	8	1.0328	1.3521	1.0201	0.9934	0.9808	NA	ZM
2000	9	1.0697	1.3869	1.0181	0.9935	0.9808	NA	ZM
2001	10	1.1221	1.3801	1.0260	1.0283	1.0176	NA	ZM
2002	11	1.1592	1.4070	1.0379	1.0456	1.0348	NA	ZM
2003	12	1.2183	1.4183	1.0541	1.0728	1.0629	NA	ZM
2004	13	1.2839	1.4513	1.0659	1.0811	1.0704	NA	ZM
2005	14	1.3525	1.4644	1.0819	1.1288	1.1194	NA	ZM
2006	15	1.4365	1.5012	1.1066	1.1856	1.1747	NA	ZM
2007	16	1.5256	1.5402	1.1382	1.1828	1.1704	NA	ZM
2008	17	1.6123	1.5816	1.1745	1.1343	1.1173	NA	ZM
2009	18	1.7155	1.6256	1.2152	1.1964	1.1793	NA	ZM
2010	19	1.8461	1.6515	1.2668	1.2797	1.2638	NA	ZM
2011	20	1.9716	1.7216	1.3440	1.3480	1.3339	NA	ZM
